function [a,b,e] = earth_wgs84
% Earth ellipsoid of WGS84


a = 6.378137e3; % major (km)
b = 6.35675231424518e3; % minor (km) 
e = 0.0818191908426215; % eccentricity
