function [pres,tmp,absorber] = atm_6prof(varargin)
% six typical atmospheric profiles w/ six gas species (top-down)
% 
% Input:
%       profile,        Tropical,Midlatitude_Summer,Midlatitude_Winter,Subarctic_Summer,Subarctic_Winter,US_Standard_Atmosphere
%       absorber,       H2O,O3,CO2,N2O,CO,CH4; H2O, mixing ratio (g/kg)
% 
% Output:
%       pres,           pressure (mb),              [altitude(top-down),profile-type] (0.005 to 1100 mb w/ 101 levels)
%       tmp,            temperature (K),            [altitude(top-down),profile-type]      
%       absorber,       absorber (g/kg),            [altitude(top-down),absorber,profile-type]  
% 
% Examples:
%       [pres,tmp,absorber] = atm_6prof('Tropical','H2O'); % tropical profile of H2O mixing ratio w/ size of: pres=[101,1], tmp=[101,1], H2O=[101,1]
%       [pres,tmp,absorber] = atm_6prof; % 6 profiles: pres=[101,1], tmp=[101,1], absorber=[101,6],
%       [pres,tmp,absorber] = atm_6prof('Tropical'); % 1 profile: pres=[101,1], tmp=[101,1], absorber=[101,6]
% 
% written by John Xun Yang, University of Maryland, jxyang@umd.edu, or johnxun@umich.edu, 03/19/2018: original code from Fortran

% ===========================================
% setting
% ===========================================
Tropical = 1;
Midlatitude_Summer = 2;
Midlatitude_Winter = 3;
Subarctic_Summer = 4;
Subarctic_Winter = 5;
US_Standard_Atmosphere = 6;

H2O = 1;
O3 = 2;
CO2 = 3;
N2O = 4;
CO = 5;
CH4 = 6;

% ===========================================
% level pressure
% ===========================================
pres = [...
    0.00500000, 0.01606500, 0.03838300, 0.07687900, 0.13695400,...
    0.22441200, 0.34540400, 0.50637400, 0.71402300, 0.97527400,...
    1.29724000, 1.68720000, 2.15257300, 2.70089700, 3.33981200,...
    4.07703800, 4.92036200, 5.87762300, 6.95669500, 8.16548000,...
    9.51188900, 11.00383500, 12.64922300, 14.45593600, 16.43183300,...
    18.58473200, 20.92240800, 23.45258300, 26.18291800, 29.12100900,...
    32.27437800, 35.65046700, 39.25663300, 43.10014400, 47.18817100,...
    51.52778600, 56.12595300, 60.98953000, 66.12525900, 71.53976800,...
    77.23956000, 83.23101600, 89.52039000, 96.11380300, 103.01724400,...
    110.23656500, 117.77748100, 125.64556200, 133.84624000, 142.38479600,...
    151.26636600, 160.49593900, 170.07834800, 180.01827900, 190.32026000,...
    200.98866500, 212.02771200, 223.44146100, 235.23381400, 247.40851400,...
    259.96914200, 272.91912000, 286.26170600, 300.00000000, 314.13693600,...
    328.67528600, 343.61765900, 358.96650300, 374.72409800, 390.89256600,...
    407.47386100, 424.46977600, 441.88194100, 459.71182100, 477.96072200,...
    496.62978500, 515.71998900, 535.23215300, 555.16693500, 575.52483200,...
    596.30618200, 617.51116300, 639.13979700, 661.19194600, 683.66731600,...
    706.56546000, 729.88577200, 753.62749400, 777.78971600, 802.37137600,...
    827.37125900, 852.78800300, 878.62009600, 904.86588000, 931.52354900,...
    958.59115400, 986.06660100, 1013.94765500, 1042.23194000, 1070.91694000,...
    1100.00000000]';
pres = pres(:,ones(6,1));
% ===========================================
% level temperature
% ===========================================
tmp(:,Tropical) = ...
    [178.174,  192.328,  210.111,  225.459,  239.120,...
    251.516,  258.971,  264.536,  268.260,  269.940,...
    267.898,  263.813,  259.762,  256.009,  252.506,...
    249.223,  246.228,  243.425,  240.822,  238.354,...
    236.044,  233.852,  231.779,  229.858,  228.013,...
    226.216,  224.456,  222.760,  221.135,  219.623,...
    218.157,  216.716,  215.232,  213.323,  211.116,...
    208.960,  206.863,  204.840,  202.874,  201.054,...
    199.289,  197.557,  195.862,  195.130,  196.031,...
    196.910,  199.292,  201.792,  204.249,  206.692,...
    209.083,  211.535,  214.055,  216.524,  218.876,...
    221.164,  223.408,  225.700,  227.958,  230.178,...
    232.509,  234.797,  237.043,  239.252,  241.422,...
    243.553,  245.698,  247.807,  249.880,  251.983,...
    254.067,  256.118,  258.148,  260.155,  262.131,...
    264.092,  266.071,  268.020,  269.939,  271.870,...
    273.782,  275.665,  277.531,  279.397,  281.235,...
    283.047,  284.395,  285.475,  286.540,  287.590,...
    289.118,  290.683,  292.227,  293.750,  295.281,...
    296.790,  298.280,  299.749,  301.199,  302.630,...
    304.043]';
tmp(:,Midlatitude_Summer) = [...
    166.103,  181.157,  202.859,  222.255,  239.663,...
    252.229,  261.666,  268.978,  272.709,  275.659,...
    275.105,  270.621,  265.928,  261.515,  257.445,...
    253.718,  250.248,  247.060,  244.068,  241.271,...
    238.659,  236.454,  234.345,  232.403,  230.575,...
    228.818,  227.618,  226.594,  225.605,  224.701,...
    223.884,  223.178,  222.456,  221.710,  221.003,...
    220.320,  219.654,  218.993,  218.317,  217.695,...
    217.154,  216.627,  216.116,  215.700,  215.700,...
    215.700,  215.700,  215.700,  215.700,  215.700,...
    215.700,  215.730,  215.767,  216.038,  218.372,...
    220.660,  222.920,  225.181,  227.399,  229.604,...
    231.820,  233.995,  236.134,  238.241,  240.310,...
    242.374,  244.466,  246.522,  248.550,  250.576,...
    252.568,  254.527,  256.478,  258.399,  260.290,...
    262.111,  263.867,  265.596,  267.301,  269.024,...
    270.722,  272.394,  274.060,  275.718,  277.352,...
    278.963,  280.560,  282.137,  283.691,  285.218,...
    286.393,  287.551,  288.694,  289.823,  290.949,...
    292.059,  293.155,  294.236,  295.303,  296.356,...
    297.395]';
tmp(:,Midlatitude_Winter) = [...
    200.964,  216.091,  227.925,  237.836,  246.210,...
    253.447,  259.898,  263.297,  265.617,  264.331,...
    258.371,  252.296,  246.806,  241.773,  237.138,...
    232.901,  228.974,  225.394,  222.050,  219.798,...
    218.606,  217.468,  216.770,  216.126,  215.508,...
    215.407,  215.317,  215.230,  215.200,  215.200,...
    215.200,  215.200,  215.200,  215.200,  215.200,...
    215.200,  215.200,  215.200,  215.363,  215.611,...
    215.854,  216.092,  216.324,  216.551,  216.773,...
    216.988,  217.199,  217.406,  217.607,  217.805,...
    217.998,  218.188,  218.374,  218.557,  218.736,...
    218.911,  219.083,  219.251,  219.417,  219.580,...
    220.181,  222.085,  223.955,  225.794,  227.652,...
    229.477,  231.270,  233.065,  234.839,  236.584,...
    238.315,  240.046,  241.750,  243.426,  245.108,...
    246.771,  248.408,  250.028,  251.653,  253.253,...
    254.830,  256.399,  257.966,  259.509,  261.030,...
    262.193,  263.071,  263.936,  264.789,  265.636,...
    266.477,  267.306,  268.124,  268.933,  269.738,...
    270.532,  271.316,  272.089,  272.852,  273.605,...
    274.348]';
