function [h,pres,tmp] = atm_ph_139
% 139 level pressure and geopotential altitude
% 
% Output:
%       h,          geopotential altitude (m),      [top-down]
%       pres,       pressure (mb),                  [top-down]
%       tmp,        temperature (K),                [top-down]
% 
% Comment:
%       The 137 level is from ECMWF
%       add a top and bottom w/ linear interpolation
% 



M = [0      84882       186.89
    0.02	79301.79	198.05
0.031	73721.58	209.21
0.0467	71115.75	214.42
0.0683	68618.43	221.32
0.0975	66210.99	228.06
0.1361	63890.03	234.56
0.1861	61651.77	240.83
0.2499	59492.5	246.87
0.3299	57408.61	252.71
0.4288	55396.62	258.34
0.5496	53453.2	263.78
0.6952	51575.15	269.04
0.869	49767.41	270.65
1.0742	48048.7	270.65
1.3143	46416.22	269.02
1.5928	44881.17	264.72
1.9134	43440.23	260.68
2.2797	42085	256.89
2.6954	40808.05	253.31
3.1642	39602.76	249.94
3.6898	38463.25	246.75
4.2759	37384.22	243.73
4.9262	36360.94	240.86
5.6441	35389.15	238.14
6.4334	34465	235.55
7.2974	33585.02	233.09
8.2397	32746.04	230.74
9.2634	31945.53	228.6
10.372	31177.59	227.83
11.5685	30438.54	227.09
12.8561	29726.69	226.38
14.2377	29040.48	225.69
15.7162	28378.46	225.03
17.2945	27739.29	224.39
18.9752	27121.74	223.77
20.761	26524.63	223.17
22.6543	25946.9	222.6
24.6577	25387.55	222.04
26.7735	24845.63	221.5
29.0039	24320.28	220.97
31.3512	23810.67	220.46
33.8174	23316.04	219.97
36.4047	22835.68	219.49
39.1149	22368.91	219.02
41.9493	21915.16	218.57
44.9082	21473.98	218.12
47.9915	21045	217.7
51.199	20627.87	217.28
54.5299	20222.24	216.87
57.9834	19827.95	216.65
61.5607	19443.55	216.65
65.2695	19068.35	216.65
69.1187	18701.27	216.65
73.1187	18341.27	216.65
77.281	17987.41	216.65
81.6182	17638.78	216.65
86.145	17294.53	216.65
90.8774	16953.83	216.65
95.828	16616.09	216.65
101.0047	16281.1	216.65
106.4153	15948.85	216.65
112.0681	15619.3	216.65
117.9714	15292.44	216.65
124.1337	14968.24	216.65
130.5637	14646.68	216.65
137.2703	14327.75	216.65
144.2624	14011.41	216.65
151.5493	13697.65	216.65
159.1403	13386.45	216.65
167.045	13077.79	216.65
175.2731	12771.64	216.65
183.8344	12467.99	216.65
192.7389	12166.81	216.65
201.9969	11868.08	216.65
211.6186	11571.79	216.65
221.6146	11277.92	216.65
231.9954	10986.7	216.74
242.7719	10696.22	218.62
253.9549	10405.61	220.51
265.5556	10114.89	222.4
277.5852	9824.08	224.29
290.0548	9533.2	226.18
302.9762	9242.26	228.08
316.3607	8951.3	229.97
330.2202	8660.32	231.86
344.5663	8369.35	233.75
359.4111	8078.41	235.64
374.7666	7787.51	237.53
390.645	7496.68	239.42
407.0583	7205.93	241.31
424.019	6915.29	243.2
441.5395	6624.76	245.09
459.6321	6334.38	246.98
478.3096	6044.15	248.86
497.5845	5754.1	250.75
517.4198	5464.6	252.63
537.7195	5176.77	254.5
558.343	4892.26	256.35
579.1926	4612.58	258.17
600.1668	4338.77	259.95
621.1624	4071.8	261.68
642.0764	3812.53	263.37
662.8084	3561.7	265
683.262	3319.94	266.57
703.3467	3087.75	268.08
722.9795	2865.54	269.52
742.0855	2653.58	270.9
760.5996	2452.04	272.21
778.4661	2260.99	273.45
795.6396	2080.41	274.63
812.0847	1910.19	275.73
827.7756	1750.14	276.77
842.6959	1600.04	277.75
856.8376	1459.58	278.66
870.2004	1328.43	279.52
882.791	1206.21	280.31
894.6222	1092.54	281.05
905.7116	987	281.73
916.0815	889.17	282.37
925.7571	798.62	282.96
934.7666	714.94	283.5
943.1399	637.7	284
950.9082	566.49	284.47
958.1037	500.91	284.89
964.7584	440.58	285.29
970.9046	385.14	285.65
976.5737	334.22	285.98
981.7968	287.51	286.28
986.6036	244.68	286.56
991.023	205.44	286.81
995.0824	169.5	287.05
998.8081	136.62	287.26
1002.225	106.54	287.46
1005.3562	79.04	287.64
1008.2239	53.92	287.8
1010.8487	30.96	287.95
1013.25	10	288.09
1110 -10.96 288.23
];

pres = M(:,1);
h = M(:,2);
tmp = M(:,3);

