function X = coeff_crosstalk_corr(spacecraft,sensor)
% empirical crosstalk correlation
% 
% Examples:
%       X = coeff_crosstalk_corr('npp','atms')

id = [spacecraft,'_',sensor];
switch id
    case 'npp_atms'
        X = [1,0.0172515167952111,-0.0151109470778794,0.0241758732409113,-0.0142304785733255,-0.0421706442059559,-0.00495418444208921,-0.0278225938273614,0.0399490702349675,-0.0445506701105290,0.0130654991248722,-0.0512802514737090,-0.0386071023157179,0.0265287804119259,-0.0886911431861657,0.0389680597929915,-0.0118015195350302,-0.0402727612683851,0.00196685320221750,0.0481274957826675,0.0554843560895644,0.00564718341631769;0.0172515167952111,1,-0.00387207617659761,0.00550828086958449,0.0184438812122899,0.0254626855851247,0.0139496021839722,0.0787791899812156,0.0333081848107615,0.0185514380258204,0.00537035972421001,-0.0425820471992887,-0.0392051265562008,-0.0360038355470191,-0.0424206011223126,0.0124668561538625,-0.0171656061562341,-0.0209748202501817,0.000608185148662333,-0.0583908301221310,0.0145375354304654,0.0217279463915003;-0.0151109470778794,-0.00387207617659761,1,0.187417551054866,0.183034015463584,0.160717482978216,0.146012094751763,0.156519892959481,0.162831404237832,0.0584499663210951,0.0204664821665990,-0.0164577426604465,0.0553883059394854,-0.0149007512167313,-0.0120411657473345,0.0363618334699626,-0.0491102107997778,-0.0561831262254615,-0.0723236407308491,-0.0194061144494590,-0.0524443662579868,-0.0343262035950693;0.0241758732409113,0.00550828086958449,0.187417551054866,1,0.237579478448501,0.189704426260587,0.232873306112988,0.189760894870203,0.156736299863884,0.0581642788068607,0.0167214774612558,0.0330054875275502,0.0756083415866178,0.00157946543936945,-0.0365276130874216,-0.0218919073934249,0.0254982215869111,-0.0160502794582328,-0.00350836377417439,-0.0116086412371605,0.0122756262290305,-0.0509674818663626;-0.0142304785733255,0.0184438812122899,0.183034015463584,0.237579478448501,1,0.296308094007479,0.290044151669334,0.280777647623216,0.263331062815753,0.0768270705116405,0.0485913553720150,0.100208073130844,0.0105631216475952,-0.0176263104705804,0.00664768869928476,-0.0369076817192600,-0.0354654340054732,-0.0370768592900779,-0.0599470924307089,-0.0330230360025304,-0.00960197393950884,-0.0280844318491589;-0.0421706442059559,0.0254626855851247,0.160717482978216,0.189704426260587,0.296308094007479,1,0.311167597355856,0.292229725797249,0.246038403323594,0.0919741524173402,0.0152612033604919,0.0714997151229653,0.0863226230156071,-0.0688907053941392,-0.00226833448628490,-0.0254701868404711,-0.0126152577222581,0.0651927998178115,0.0307156270484943,0.0494685343538596,0.0171099173568870,0.0385047071844834;-0.00495418444208921,0.0139496021839722,0.146012094751763,0.232873306112988,0.290044151669334,0.311167597355856,1,0.280243828580748,0.261069607914103,0.105249379849726,0.0657569851020693,0.0859063925846518,0.0353346102402272,-0.0327871564664689,0.0191420429557574,-0.0536753832861526,0.0349582090879317,0.0266764103622519,0.0310796016998623,0.0245952447089918,-0.00670441963062897,-0.0338202472556275;-0.0278225938273614,0.0787791899812156,0.156519892959481,0.189760894870203,0.280777647623216,0.292229725797249,0.280243828580748,1,0.245814349769117,0.0758231303052456,-0.000678760407214787,0.0809450391534086,0.0463401748089215,-0.0516642051364384,-0.000297057211882971,0.0196841019451023,-0.0326084916970446,0.0282664327099721,0.0217330038633628,0.0131389194038677,0.00919592445866575,-0.00384850650588006;0.0399490702349675,0.0333081848107615,0.162831404237832,0.156736299863884,0.263331062815753,0.246038403323594,0.261069607914103,0.245814349769118,1,0.0880476141508928,0.0182717405466312,0.0521047135168683,0.105101471458082,0.0189076861103751,-0.00953424248740817,-0.0351205846921773,-0.00930693231363387,-0.00547622940187549,0.0238238045402261,-0.00310921321176801,0.000786712641483371,-0.0127419196005795;-0.0445506701105290,0.0185514380258204,0.0584499663210951,0.0581642788068607,0.0768270705116405,0.0919741524173402,0.105249379849726,0.0758231303052456,0.0880476141508928,1,0.0732446529219480,0.148471948656089,0.0783886634964831,0.0396829468593458,0.0799056902210404,-0.0181005733883556,-0.0409402201061910,0.0589607262734963,0.0162298259013678,0.0129611792734623,0.0102799640678177,0.0136262481065767;0.0130654991248722,0.00537035972421001,0.0204664821665990,0.0167214774612558,0.0485913553720150,0.0152612033604919,0.0657569851020693,-0.000678760407214787,0.0182717405466312,0.0732446529219480,1,0.121316822106074,0.0580013743785478,0.0885521020727771,0.0320518992007341,-0.0103836286788451,-0.00880294153867338,-0.00121611041997585,-0.0377808827763690,0.00217732744324154,-0.0132156981801922,-0.00294363174948812;-0.0512802514737090,-0.0425820471992887,-0.0164577426604465,0.0330054875275502,0.100208073130844,0.0714997151229653,0.0859063925846519,0.0809450391534086,0.0521047135168683,0.148471948656089,0.121316822106074,1,0.0120971939554943,0.00228040879528135,0.0300044394722034,-0.0447166102855738,0.0192481376193351,0.0867954415600305,-0.00966541565263560,0.0195622757156235,0.0154987624992762,0.0202353629165178;-0.0386071023157179,-0.0392051265562008,0.0553883059394854,0.0756083415866178,0.0105631216475952,0.0863226230156071,0.0353346102402272,0.0463401748089215,0.105101471458082,0.0783886634964831,0.0580013743785478,0.0120971939554943,1,-0.0114188270342313,-0.00680035811943530,0.0436514333338864,0.0201535661488648,-0.00910673487195805,0.0214125072259822,0.0391799785291402,0.00897061016894684,-0.0143468672057411;0.0265287804119259,-0.0360038355470191,-0.0149007512167313,0.00157946543936945,-0.0176263104705804,-0.0688907053941392,-0.0327871564664689,-0.0516642051364384,0.0189076861103751,0.0396829468593458,0.0885521020727770,0.00228040879528135,-0.0114188270342313,1,0.0232773386963933,-0.0217895942222501,-0.00787389126282895,0.00701416438654657,0.0561233467151801,0.0499958160904143,0.0351554051669382,0.0412978624394925;-0.0886911431861657,-0.0424206011223126,-0.0120411657473345,-0.0365276130874216,0.00664768869928476,-0.00226833448628490,0.0191420429557574,-0.000297057211882971,-0.00953424248740816,0.0799056902210404,0.0320518992007341,0.0300044394722034,-0.00680035811943530,0.0232773386963933,1,-0.0109991606635865,-0.0192523417413248,0.0173977207335645,0.0577314757771422,0.0445854667244297,-0.0363351978555651,0.0367935218313279;0.0389680597929915,0.0124668561538625,0.0363618334699626,-0.0218919073934249,-0.0369076817192600,-0.0254701868404711,-0.0536753832861526,0.0196841019451023,-0.0351205846921773,-0.0181005733883556,-0.0103836286788451,-0.0447166102855738,0.0436514333338864,-0.0217895942222501,-0.0109991606635865,1,-0.0705017605416373,-0.0142636845866809,0.0292517080549511,0.0548839539008739,0.0389893952887862,-0.0108789455289725;-0.0118015195350302,-0.0171656061562341,-0.0491102107997778,0.0254982215869111,-0.0354654340054732,-0.0126152577222581,0.0349582090879317,-0.0326084916970446,-0.00930693231363387,-0.0409402201061910,-0.00880294153867337,0.0192481376193351,0.0201535661488648,-0.00787389126282895,-0.0192523417413248,-0.0705017605416373,1,0.0223907321790929,0.0307367582006870,-0.0296722161188530,-0.0409580340339039,-0.0233545360587519;-0.0402727612683851,-0.0209748202501817,-0.0561831262254615,-0.0160502794582328,-0.0370768592900779,0.0651927998178115,0.0266764103622519,0.0282664327099721,-0.00547622940187549,0.0589607262734963,-0.00121611041997585,0.0867954415600305,-0.00910673487195805,0.00701416438654657,0.0173977207335645,-0.0142636845866809,0.0223907321790929,1,0.358415524994079,0.206466048729066,0.175785296050456,0.151540104581415;0.00196685320221750,0.000608185148662333,-0.0723236407308491,-0.00350836377417439,-0.0599470924307089,0.0307156270484943,0.0310796016998623,0.0217330038633628,0.0238238045402261,0.0162298259013678,-0.0377808827763690,-0.00966541565263560,0.0214125072259822,0.0561233467151801,0.0577314757771422,0.0292517080549511,0.0307367582006870,0.358415524994079,1,0.267807316059765,0.240463332791172,0.198658753224890;0.0481274957826675,-0.0583908301221310,-0.0194061144494590,-0.0116086412371605,-0.0330230360025304,0.0494685343538596,0.0245952447089918,0.0131389194038677,-0.00310921321176801,0.0129611792734623,0.00217732744324154,0.0195622757156235,0.0391799785291402,0.0499958160904143,0.0445854667244297,0.0548839539008739,-0.0296722161188530,0.206466048729066,0.267807316059765,1,0.374436975662251,0.269586041198214;0.0554843560895644,0.0145375354304654,-0.0524443662579868,0.0122756262290305,-0.00960197393950884,0.0171099173568870,-0.00670441963062897,0.00919592445866575,0.000786712641483371,0.0102799640678177,-0.0132156981801922,0.0154987624992762,0.00897061016894684,0.0351554051669382,-0.0363351978555651,0.0389893952887862,-0.0409580340339039,0.175785296050456,0.240463332791172,0.374436975662251,1,0.301460181834628;0.00564718341631769,0.0217279463915003,-0.0343262035950693,-0.0509674818663626,-0.0280844318491589,0.0385047071844834,-0.0338202472556275,-0.00384850650588006,-0.0127419196005795,0.0136262481065767,-0.00294363174948812,0.0202353629165178,-0.0143468672057411,0.0412978624394925,0.0367935218313279,-0.0108789455289725,-0.0233545360587519,0.151540104581415,0.198658753224890,0.269586041198214,0.301460181834628,1];
    case 'metop-a_mhs'
        X = [1,0.0238912904509329,0.00708101166614412,-0.000925556665526259,0.0136867536025953;0.0238912904509329,1,0.00249983178141964,-0.00203751028776441,0.0115114227096602;0.00708101166614412,0.00249983178141964,1,0.233829128905058,-0.00958531068264467;-0.000925556665526260,-0.00203751028776440,0.233829128905058,1,0.00767560949008608;0.0136867536025953,0.0115114227096602,-0.00958531068264467,0.00767560949008608,1];
    case 'Metop-C_mhs'
        X = [1,0.0225450859128558,-0.000420299974421897,0.00171755938049048,0.00643345350916827;0.0225450859128558,1,0.0135767334698521,0.0157345956029157,-0.00547492494242451;-0.000420299974421897,0.0135767334698521,1,0.775965823269440,-0.0145310310334885;0.00171755938049048,0.0157345956029157,0.775965823269440,1,-0.00876199539975238;0.00643345350916827,-0.00547492494242451,-0.0145310310334885,-0.00876199539975238,1];
    case 'FY3C_mwts-2'
        X = [1,0.287417551000000,0.383034015000000,0.360717483000000,0.326012095000000,0.456519893000000,0.322831404000000,0.0584499660000000,0.170466482000000,0.0864577430000000,0.195388306000000,0.0149007510000000,0.0920411660000000;0.287417551000000,1,0.357579478000000,0.509704426000000,0.382873306000000,0.539760895000000,0.396736300000000,0.158164279000000,0.166721477000000,0.113005488000000,0.175608342000000,0.00157946500000000,0.0565276130000000;0.383034015000000,0.357579478000000,1,0.426308094000000,0.390044152000000,0.570777648000000,0.453331063000000,0.176827071000000,0.198591355000000,0.0802080730000000,0.150563122000000,0.0176263100000000,0.0766476890000000;0.360717483000000,0.509704426000000,0.426308094000000,1,0.411167597000000,0.591834320000000,0.526038403000000,0.191974152000000,0.165261203000000,0.101499715000000,0.146322623000000,0.0688907050000000,0.0522683340000000;0.326012095000000,0.382873306000000,0.390044152000000,0.411167597000000,1,0.560000000000000,0.461069608000000,0.105249380000000,0.175756985000000,0.0859063930000000,0.165334610000000,0.0327871560000000,0.109142043000000;0.456519893000000,0.539760895000000,0.570777648000000,0.591834320000000,0.560000000000000,1,0.555814350000000,0.175823130000000,0.150678760000000,0.0809450390000000,0.196340175000000,0.0516642050000000,0.0702970570000000;0.322831404000000,0.396736300000000,0.453331063000000,0.526038403000000,0.461069608000000,0.555814350000000,1,0.188047614000000,0.118271741000000,0.0821047140000000,0.185101471000000,0.0189076860000000,0.0895342420000000;0.0584499660000000,0.158164279000000,0.176827071000000,0.191974152000000,0.105249380000000,0.175823130000000,0.188047614000000,1,0.173244653000000,0.148471949000000,0.118388663000000,0.0396829470000000,0.179905690000000;0.170466482000000,0.166721477000000,0.198591355000000,0.165261203000000,0.175756985000000,0.150678760000000,0.118271741000000,0.173244653000000,1,0.121316822000000,0.158001374000000,0.0885521020000000,0.0820518990000000;0.0864577430000000,0.113005488000000,0.0802080730000000,0.101499715000000,0.0859063930000000,0.0809450390000000,0.0821047140000000,0.148471949000000,0.121316822000000,1,0.162097194000000,0.00228040900000000,0.0700044390000000;0.195388306000000,0.175608342000000,0.150563122000000,0.146322623000000,0.165334610000000,0.196340175000000,0.185101471000000,0.118388663000000,0.158001374000000,0.162097194000000,1,0.0114188270000000,0.0568003580000000;0.0149007510000000,0.00157946500000000,0.0176263100000000,0.0688907050000000,0.0327871560000000,0.0516642050000000,0.0189076860000000,0.0396829470000000,0.0885521020000000,0.00228040900000000,0.0114188270000000,1,0.123277339000000;0.0920411660000000,0.0565276130000000,0.0766476890000000,0.0522683340000000,0.109142043000000,0.0702970570000000,0.0895342420000000,0.179905690000000,0.0820518990000000,0.0700044390000000,0.0568003580000000,0.123277339000000,1];
    otherwise
        error(id)
end

% visulization
% figure(1)
% imagesc(X)
% colorbar
% title('Cross-channel Correlation')
